G = [0.034953, 0.037759, 0.037759, 0.034526, 0.033794, 0.033123, 0.034648, 0.035929, 0.035380, 0.035441, 0.040321, 0.036112, 0.036905, 0.036539, 0.034648, 0.033428, 0.033489, 0.033245, 0.036051, 0.035502, 0.035136, 0.034648, 0.033855, 0.033184, 0.035197, 0.035258, 0.035014, 0.032330, 0.033489, 0.034892, 0.035563, 0.034709, 0.033306, 0.032513, 0.034038, 0.035807, 0.036966, 0.034892, 0.034770, 0.034404, 0.033550, 0.033489, 0.033306, 0.033977, 0.036112, 0.034892, 0.033062, 0.031659, 0.032635, 0.030744, 0.035746, 0.040931, 0.036966, 0.018361, 0.028487, 0.032147, 0.037027, 0.038308, 0.032757, 0.016592, 0.028609, 0.031354, 0.033001, 0.033794, 0.034648, 0.034404, 0.033489, 0.033672, 0.031110, 0.030683, 0.031537, 0.016104, 0.034587, 0.037027, 0.038308, 0.033794, 0.028304, 0.027084, 0.045018, 0.033794, 0.037454, 0.037149, 0.034892, 0.032940, 0.016226, 0.031171, 0.032574, 0.034892, 0.035624, 0.032818, 0.031049, 0.033123, 0.032086, 0.033672, 0.038857, 0.038857, 0.031537, 0.027267, 0.029463, 0.033916, 0.036112, 0.038674, 0.038369, 0.033062, 0.027206, 0.025132, 0.029890, 0.037515, 0.041297, 0.039345, 0.033306, 0.017324, 0.029768, 0.032147, 0.104920, 0.193248, 0.101199, 0.129198, 0.133834, 0.145058, 0.138531, 0.133712, 0.120292, 0.153781, 0.138104, 0.235399, 0.163175, 0.148840, 0.179218, 0.165920, 0.131211, 0.125599, 0.134017, 0.131882, 0.133407, 0.134261, 0.145302, 0.145058, 0.118401, 0.144021, 0.105469, 0.058499, 0.064416, 0.068869, 0.001037, 0.005917, -0.009028, -0.033428, -0.049898, -0.067100, -0.123891, -0.116754, -0.169153, -0.204960, -0.210694, -0.176900, -0.150304, -0.125050, -0.120170, -0.163480, -0.144448, -0.092354, -0.024705, -0.018300, -0.013176, -0.029158, -0.060085, -0.077043, -0.081923, 0.028975, 0.033184, 0.041358, 0.038125, 0.036112, 0.034648, 0.032757, 0.033367, 0.034282, 0.035380, 0.034221, 0.033428, 0.034343, 0.034160, 0.033977, 0.033489, 0.036356, 0.035563, 0.034831, 0.033855, 0.033916, 0.034465, 0.036295, 0.036600, 0.037027, 0.037820, 0.034587, 0.035197, 0.032147, 0.034099, 0.035929, 0.037637, 0.035990, 0.035441, 0.034282, 0.034038, 0.036844, 0.035929, 0.058743, 0.042517, 0.037698, 0.035502, 0.035563, 0.035868, 0.036905, 0.038430, 0.038003, 0.036417, 0.035441, 0.035380, 0.035014, 0.037637, 0.040504, 0.037332, 0.034160, 0.034465, 0.037271, 0.037881, 0.036966, 0.037393, 0.033977, 0.037576, 0.031415, 0.035197, 0.033733, 0.297192, 0.152256, 0.093330, 0.148047, 0.176168, 0.110227, 0.154330, 0.140178, 0.108885, 0.156770, 0.155062, 0.154391, 0.173118, 0.152439, 0.142435, 0.147742, 0.102114, 0.057828, 0.076067, 0.045994, 0.015555, 0.014030, 0.049288, -0.013969, -0.064111, -0.040504, -0.060939, -0.079056, -0.132004, -0.176717, -0.169275, -0.188917, -0.150121, -0.202825, -0.119194, 0.021228, 0.035441, 0.024400, 0.023851, 0.048251, 0.041114, 0.019947, 0.042029, 0.046055, 0.039040, 0.036600, 0.031293, 0.034526, 0.035380, 0.035441, 0.036844, 0.036905, 0.036295, 0.035441, 0.033062, 0.035441, 0.034953, 0.035807, 0.034953, 0.032391, 0.034648, 0.037271, 0.037332, 0.035929, 0.033733, 0.033367, 0.038308, 0.039345, 0.037332, 0.033245, 0.032330, 0.035075, 0.036539, 0.035624, 0.034831, 0.036539, 0.035502, 0.036112, 0.035075, 0.035807, 0.036966, 0.037820, 0.038369, 0.035441, 0.031964, 0.032757, 0.035990, 0.038796, 0.037027, 0.036295, 0.034221, 0.035014, 0.036295, 0.037393, 0.037515, 0.036051, 0.036539, 0.035624, 0.035685, 0.034343, 0.035563, 0.035929, 0.035807, 0.036783, 0.035624, 0.035258, 0.034282, 0.035929, 0.036600, 0.037210, 0.034038, 0.033489, 0.033245, 0.034526, -0.025498, -0.023241, 0.031781, -0.014335, 0.060573, -0.023912, 0.004514, -0.017629, -0.022143, -0.029646, -0.032757, 0.009943, -0.048373, -0.046299, -0.040321, -0.026474, 0.001647, -0.049715, -0.012017, -0.055632, -0.018178, -0.002013, 0.015128, -0.023058, 0.005307, 0.005490, 0.032696, -0.004148, 0.002074, 0.044225, -0.005002, 0.022082, 0.003416, 0.077958, -0.003416, 0.054351, 0.036173, 0.078690, 0.054473, 0.102297, 0.041785, 0.123403, 0.166896, 0.155062, 0.166347, 0.168482, 0.203313, 0.168055, 0.193919, 0.178303, 0.120963, 0.071736, 0.034404, 0.032513, 0.030988, 0.033367, 0.035685, 0.037759, 0.036051, 0.034831, 0.033245, 0.035624, 0.036539, 0.035014, 0.036966, 0.037881, 0.035929, 0.035502, 0.033306, 0.034892, 0.037027, 0.038308, 0.035380, 0.032818, 0.033977, 0.035136, 0.037820, 0.036539, 0.035624, 0.035075, 0.034038, 0.033306, 0.033306, 0.034770, 0.036722, 0.037637, 0.036478, 0.034648, 0.034282, 0.036234, 0.038186, 0.038491, 0.036844, 0.033855, 0.033184, 0.031720, 0.034221, 0.039101, 0.043493, 0.038918, 0.026657, 0.046421, 0.031964, 0.038247, 0.039650, 0.035929, 0.034831, 0.034160, 0.035258, 0.034770, 0.033977, 0.035197, 0.035746, 0.036051, 0.034953, 0.035075, 0.033672, 0.036234, 0.034892, 0.037332, 0.038857, 0.036844, 0.029524, -0.099613, -0.050752, -0.037332, -0.088694, -0.037088, -0.074542, -0.056059, -0.129320, -0.118828, -0.098637, -0.089914, -0.060634, -0.065697, -0.044286, -0.072468, -0.082716, -0.069479, -0.039162, -0.061000, -0.038613, 0.018849, 0.002074, -0.030256, -0.004514, -0.041602, -0.064477, -0.040382, 0.018971, -0.041419, -0.052460, -0.042883, 0.022814, 0.045384, 0.056303, 0.098759, 0.067405, 0.087352, 0.066612, 0.130418, 0.201056, 0.256017, 0.318054, 0.424560, 0.347761, 0.249307, 0.215879, 0.125050, 0.154818, 0.175619, 0.205509, 0.127429, 0.104981, 0.037698, 0.038735, 0.036173, 0.037088, 0.039223, 0.037393, 0.037088, 0.036478, 0.030744, 0.029219, 0.032940, 0.043798, 0.047702, 0.044591, 0.035807, 0.028060, 0.028365, 0.033245, 0.036783, 0.040687, 0.043371, 0.039589, 0.032452, 0.028426, 0.032391, 0.038796, 0.041785, 0.041541, 0.038430, 0.033367, 0.035868, 0.033245, 0.034282, 0.037149, 0.037393, 0.034221, 0.031110, 0.029646, 0.032086, 0.036173, 0.038552, 0.037820, 0.034465, 0.029097, 0.031659, 0.032269, 0.036417, 0.037759, 0.035197, 0.025071, 0.029585, 0.020008, 0.032818, 0.032025, 0.026474, 0.032147, 0.032086, 0.046848, 0.032330, 0.031232, 0.031659, 0.032208, 0.030744, 0.031232, 0.015799, 0.031720, 0.030378, 0.029646, 0.030073, 0.031903, 0.046604, 0.032391, 0.032269, 0.031049, 0.030683, 0.030012, 0.031232, 0.032025, 0.032208, 0.032452, 0.032940, 0.031659, 0.030317, 0.032696, 0.033367, 0.033489, 0.031537, 0.031781, 0.031598, 0.032086, 0.031293, 0.031537, 0.030988, 0.033550, 0.031964, 0.031415, 0.031293, 0.031903, 0.032574, 0.031720, 0.033062, 0.031598, 0.031720, 0.032086, 0.031049, 0.046726, 0.032330, 0.033123, 0.032086, 0.030683, 0.032757, 0.032757, 0.032818, 0.032513, 0.031171, 0.031476, 0.032696, 0.033550, 0.033794, 0.032147, 0.032513, 0.032391, 0.033062, 0.031720, 0.032757, 0.032940, 0.033367, 0.031842, 0.046787, 0.031354, 0.056791, 0.028365, 0.033001, 0.033245, 0.033672, 0.033184, 0.033367, 0.032635, 0.032330, 0.031903, 0.046848, 0.032391, 0.021411, 0.030622, 0.031659, 0.032818, 0.032147, 0.031903, 0.031781, 0.033001, 0.032696, 0.032574, 0.045811, 0.032452, 0.033062];
